
Minuit did successfully converge.
# of function calls: 152
minimum function Value: -190909.1402412
minimum edm: 0.05091282560363
minimum internal state vector: LAVector parameters:
     -1.482815000959
     -1.555184885056
     -1.530364629073
     -1.443843961327
     0.3361071047871
     0.4482402874424
     -1.116746993336

minimum internal covariance matrix: LASymMatrix parameters:
  6.5026787e-08   9.416712e-09  2.9112656e-08  7.9309321e-08  3.5625475e-07  5.7918957e-08  4.6342016e-08
   9.416712e-09  1.1219884e-08  3.9749804e-09  9.8237403e-09  9.2955276e-08  8.2969081e-09  -1.668849e-08
  2.9112656e-08  3.9749804e-09  4.9873884e-08  3.4817717e-08  2.3582937e-07  2.9455307e-08 -2.1917019e-08
  7.9309321e-08  9.8237403e-09  3.4817717e-08   1.341865e-07  4.6381922e-07  8.1940402e-08  2.1385401e-08
  3.5625475e-07  9.2955276e-08  2.3582937e-07  4.6381922e-07  1.3011804e-05  3.1623981e-07 -2.9380781e-06
  5.7918957e-08  8.2969081e-09  2.9455307e-08  8.1940402e-08  3.1623981e-07  7.0960091e-08  1.1633083e-07
  4.6342016e-08  -1.668849e-08 -2.1917019e-08  2.1385401e-08 -2.9380781e-06  1.1633083e-07  9.4978629e-06


# ext. ||   Name    ||   type  ||     Value     ||  Error +/- 

   0   ||phasespace ||  fixed  ||                  10 ||
   1   ||   f20_mag || limited ||     0.9669652204075 ||0.003960966973388
   2   || f20_phase ||  fixed  ||                   1 ||
   3   ||   f2_mass ||  fixed  ||      2.000999927521 ||
   4   ||  f2_width ||  fixed  ||     0.1330000013113 ||
   5   ||   f21_mag || limited ||    0.03046402041967 ||0.0002923106029867
   6   || f21_phase ||  fixed  ||                   1 ||
   7   ||   f22_mag || limited ||     0.2043124374671 ||0.001595751461775
   8   || f22_phase ||  fixed  ||                   1 ||
   9   ||    f0_mag || limited ||      2.011908563731 ||0.008198851378496
  10   ||  f0_phase || limited ||       1.03614206632 ||0.007564772101322
  11   ||   f0_mass || limited ||      2.150070500102 ||0.0002546301832944
  12   ||  f0_width || limited ||    0.05066079783793 ||0.0004779080296792





