
MnUserCovariance: 

  1.56893e-05   4.0365e-07  3.23121e-06  2.75726e-05   1.1605e-05  8.59961e-07  1.11625e-07
   4.0365e-07  8.54455e-08  7.83816e-08  6.06772e-07  5.37962e-07  2.18862e-08 -7.14166e-09
  3.23121e-06  7.83816e-08  2.54642e-06  5.56836e-06   3.5339e-06  2.01185e-07 -2.42852e-08
  2.75726e-05  6.06772e-07  5.56836e-06  6.72212e-05  2.17708e-05  1.75307e-06  7.42246e-08
   1.1605e-05  5.37962e-07   3.5339e-06  2.17708e-05  5.72259e-05  6.33938e-07 -9.55482e-07
  8.59961e-07  2.18862e-08  2.01185e-07  1.75307e-06  6.33938e-07  6.48365e-08  1.72437e-08
  1.11625e-07 -7.14166e-09 -2.42852e-08  7.42246e-08 -9.55482e-07  1.72437e-08  2.28396e-07

MnUserCovariance Parameter correlations: 

            1     0.348625      0.51121     0.849031     0.387298     0.852644    0.0589679
     0.348625            1     0.168037     0.253179     0.243283     0.294046   -0.0511222
      0.51121     0.168037            1     0.425608     0.292747     0.495131   -0.0318443
     0.849031     0.253179     0.425608            1     0.351015     0.839724    0.0189431
     0.387298     0.243283     0.292747     0.351015            1      0.32911    -0.264291
     0.852644     0.294046     0.495131     0.839724      0.32911            1     0.141702
    0.0589679   -0.0511222   -0.0318443    0.0189431    -0.264291     0.141702            1

