            1    -0.344564    -0.537269    -0.139392    -0.180405     0.150952     -0.38567    -0.354586     0.473393    -0.305203     0.282752    -0.187824   -0.0475137     -0.18496    -0.156573   -0.0280351     0.291073    -0.158913    -0.373935    -0.389612     0.331403    -0.324465   -0.0875574    -0.149871     -0.10795    0.0194234     0.034467    -0.173685      0.18856  -0.00568662     0.173905     -0.18796
    -0.344564            1     0.647923     0.608589    -0.376474     0.137735    -0.227818     0.865769    -0.369873     0.829313    -0.149944     0.762082     0.454144     0.741822     0.178338     0.233689    -0.211914     0.533399    0.0255173     0.878646     0.489482      0.96169    -0.273539     0.645008     0.561685   -0.0429213     0.513691      0.29218    -0.358406    0.0406544    -0.712181     0.472689
    -0.537269     0.647923            1     0.426167   -0.0856674    0.0492193     -0.21461     0.573878    -0.566084     0.538848    -0.219321     0.568449     0.344071     0.519857     0.278146     0.217833    -0.138686      0.49221     0.397575     0.750461     0.253129     0.668599    -0.140486     0.374632     0.387663    -0.140337     0.239919      0.20483    -0.316484   -0.0275627    -0.503392     0.356607
    -0.139392     0.608589     0.426167            1   0.00135467     0.451513    -0.358392      0.42369    -0.159218     0.603782    -0.163921     0.606156       0.2611     0.586694     0.254911     0.352541    -0.110458     0.537583    -0.182604     0.651505     0.374515     0.626893    -0.161717     0.469459     0.382365     0.047147     0.309385     0.264043    -0.276794     0.155889    -0.418244     0.401981
    -0.180405    -0.376474   -0.0856674   0.00135467            1    0.0315191    0.0892425    -0.372288    0.0997099    -0.326638     -0.14065    -0.207619    -0.159271    -0.264741    0.0919465    0.0364037   -0.0655762   -0.0279972    0.0845503    -0.203622    -0.542544    -0.420856     0.127342      -0.2234    -0.198529   -0.0844543    -0.336868    -0.188098    0.0079237     0.018896     0.291096   -0.0226058
     0.150952     0.137735    0.0492193     0.451513    0.0315191            1    -0.314007   -0.0341056     0.201237      0.13388   -0.0162967     0.290175    0.0260279     0.260901     0.184389     0.192561   -0.0600326     0.286184    -0.273858     0.153532   -0.0338209     0.266205    -0.161176     0.223538    0.0530533     0.113823     0.145879     0.112846    0.0974677   0.00415549    -0.111325     0.166025
     -0.38567    -0.227818     -0.21461    -0.358392    0.0892425    -0.314007            1   -0.0532056   -0.0223962    -0.310942   -0.0399031    -0.356521    -0.238052    -0.340314     -0.16882    -0.165433   -0.0568653    -0.371522   -0.0605707    -0.368581     -0.51029    -0.287306     0.220176    -0.230913    -0.273452 -0.000428358    -0.292612     -0.13749  -0.00213167   0.00232627     0.491477    -0.607553
    -0.354586     0.865769     0.573878      0.42369    -0.372288   -0.0341056   -0.0532056            1    -0.441444     0.676364    -0.177389     0.588938     0.349908     0.597594    0.0870714     0.130939    -0.208835     0.394262     0.150273     0.698655      0.35395     0.821945    -0.210426     0.537969     0.478092   -0.0346325     0.466443     0.253584    -0.282022    0.0345561    -0.341798     0.440087
     0.473393    -0.369873    -0.566084    -0.159218    0.0997099     0.201237   -0.0223962    -0.441444            1    -0.357522    0.0902184    -0.260303    -0.144115    -0.248528    -0.162241   -0.0780328     0.166914    -0.147897    -0.738708    -0.453662   -0.0535231    -0.321645      0.12463    -0.143814    -0.176627    0.0788691    -0.114678    0.0759519     0.180564    0.0244855     0.196543    -0.194475
    -0.305203     0.829313     0.538848     0.603782    -0.326638      0.13388    -0.310942     0.676364    -0.357522            1   -0.0784056     0.661203     0.445134     0.656907     0.176381     0.224873    -0.154795     0.493815    -0.014274     0.898004     0.423633     0.791949    -0.240241     0.539146     0.516911   -0.0781347     0.418045     0.329545    -0.310314     0.088571    -0.643915     0.470472
     0.282752    -0.149944    -0.219321    -0.163921     -0.14065   -0.0162967   -0.0399031    -0.177389    0.0902184   -0.0784056            1     -0.18037     0.340454    -0.200732   -0.0229848    0.0232807     0.141108   -0.0886229   -0.0371204    -0.164468    0.0217885    -0.130824    -0.413389    -0.157343      0.02915    -0.110596    0.0040364     -0.10492    0.0945984    0.0215267     0.037664   -0.0721489
    -0.187824     0.762082     0.568449     0.606156    -0.207619     0.290175    -0.356521     0.588938    -0.260303     0.661203     -0.18037            1     0.384395     0.841927     0.205361     0.256768     -0.11627     0.526997    0.0111985     0.740582     0.410386     0.756168    -0.403557     0.526057      0.42909    -0.115599     0.355284     0.182617    -0.315117    0.0461474    -0.603116     0.429798
   -0.0475137     0.454144     0.344071       0.2611    -0.159271    0.0260279    -0.238052     0.349908    -0.144115     0.445134     0.340454     0.384395            1     0.340986      0.12013     0.146484   -0.0819179     0.288097    0.0440175     0.434591     0.307998     0.429486    -0.340602     0.257473     0.685896    -0.519375     0.258145     0.094749    -0.228322   -0.0496005    -0.373005      0.30709
     -0.18496     0.741822     0.519857     0.586694    -0.264741     0.260901    -0.340314     0.597594    -0.248528     0.656907    -0.200732     0.841927     0.340986            1     0.167532     0.258289    -0.225003     0.432698    0.0435182     0.704991     0.447304     0.758069    -0.296765     0.542942      0.60405     0.156929     0.416492     0.222529    -0.189542   -0.0802787    -0.577078     0.420823
    -0.156573     0.178338     0.278146     0.254911    0.0919465     0.184389     -0.16882    0.0870714    -0.162241     0.176381   -0.0229848     0.205361      0.12013     0.167532            1     0.107961    -0.140854     0.363188     0.099781     0.252336    0.0485762     0.195746    -0.140953    -0.012624    0.0911176    -0.112118      0.27197   -0.0201943   -0.0634944    -0.134095    -0.179832     0.152935
   -0.0280351     0.233689     0.217833     0.352541    0.0364037     0.192561    -0.165433     0.130939   -0.0780328     0.224873    0.0232807     0.256768     0.146484     0.258289     0.107961            1     0.283161     0.312543    0.0282611     0.304022      0.17309      0.24286   -0.0183582     0.164659     0.154293    0.0713596  -0.00901258    -0.182267    -0.154564    0.0552785    -0.208847     0.188804
     0.291073    -0.211914    -0.138686    -0.110458   -0.0655762   -0.0600326   -0.0568653    -0.208835     0.166914    -0.154795     0.141108     -0.11627   -0.0819179    -0.225003    -0.140854     0.283161            1    -0.256059    -0.115363    -0.208938    0.0343704    -0.185029   0.00374173    -0.134605    -0.212337    -0.138301    -0.116014    -0.200456    -0.225445    -0.131402     0.128511     -0.15786
    -0.158913     0.533399      0.49221     0.537583   -0.0279972     0.286184    -0.371522     0.394262    -0.147897     0.493815   -0.0886229     0.526997     0.288097     0.432698     0.363188     0.312543    -0.256059            1    0.0298763     0.583543     0.300232     0.569388    -0.177353     0.339512      0.25965   -0.0582922     0.313983      0.15102    -0.328893     0.185573    -0.451427     0.411723
    -0.373935    0.0255173     0.397575    -0.182604    0.0845503    -0.273858   -0.0605707     0.150273    -0.738708    -0.014274   -0.0371204    0.0111985    0.0440175    0.0435182     0.099781    0.0282611    -0.115363    0.0298763            1     0.152117    -0.051711    0.0478593   -0.0551959   -0.0727998    0.0816562   -0.0283681   -0.0668969    -0.144552    0.0631324   -0.0855204   -0.0260039     0.309268
    -0.389612     0.878646     0.750461     0.651505    -0.203622     0.153532    -0.368581     0.698655    -0.453662     0.898004    -0.164468     0.740582     0.434591     0.704991     0.252336     0.304022    -0.208938     0.583543     0.152117            1       0.4773     0.850587    -0.226417     0.560383     0.498872   -0.0829799     0.382918     0.312763    -0.330473    0.0618714    -0.744642     0.550327
     0.331403     0.489482     0.253129     0.374515    -0.542544   -0.0338209     -0.51029      0.35395   -0.0535231     0.423633    0.0217885     0.410386     0.307998     0.447304    0.0485762      0.17309    0.0343704     0.300232    -0.051711       0.4773            1     0.492319   -0.0998959     0.373666     0.360065    0.0207998     0.366818      0.33742   -0.0952237    0.0684939    -0.518915     0.307732
    -0.324465      0.96169     0.668599     0.626893    -0.420856     0.266205    -0.287306     0.821945    -0.321645     0.791949    -0.130824     0.756168     0.429486     0.758069     0.195746      0.24286    -0.185029     0.569388    0.0478593     0.850587     0.492319            1    -0.278482     0.623762     0.546492   0.00856935     0.481754     0.308624    -0.315047    0.0211099    -0.704236     0.494015
   -0.0875574    -0.273539    -0.140486    -0.161717     0.127342    -0.161176     0.220176    -0.210426      0.12463    -0.240241    -0.413389    -0.403557    -0.340602    -0.296765    -0.140953   -0.0183582   0.00374173    -0.177353   -0.0551959    -0.226417   -0.0998959    -0.278482            1    -0.203855    -0.375926     0.215558    -0.238562     0.139278      0.10106    0.0360603     0.207696      -0.1891
    -0.149871     0.645008     0.374632     0.469459      -0.2234     0.223538    -0.230913     0.537969    -0.143814     0.539146    -0.157343     0.526057     0.257473     0.542942    -0.012624     0.164659    -0.134605     0.339512   -0.0727998     0.560383     0.373666     0.623762    -0.203855            1     0.504324     0.230061     0.506348     0.330489    -0.198793    0.0432696    -0.437592     0.357761
     -0.10795     0.561685     0.387663     0.382365    -0.198529    0.0530533    -0.273452     0.478092    -0.176627     0.516911      0.02915      0.42909     0.685896      0.60405    0.0911176     0.154293    -0.212337      0.25965    0.0816562     0.498872     0.360065     0.546492    -0.375926     0.504324            1    -0.127335     0.402485     0.158331    -0.145681    -0.100297     -0.39115     0.367541
    0.0194234   -0.0429213    -0.140337     0.047147   -0.0844543     0.113823 -0.000428358   -0.0346325    0.0788691   -0.0781347    -0.110596    -0.115599    -0.519375     0.156929    -0.112118    0.0713596    -0.138301   -0.0582922   -0.0283681   -0.0829799    0.0207998   0.00856935     0.215558     0.230061    -0.127335            1    0.0124135    0.0938473     0.184505   -0.0330248     0.045959   -0.0228365
     0.034467     0.513691     0.239919     0.309385    -0.336868     0.145879    -0.292612     0.466443    -0.114678     0.418045    0.0040364     0.355284     0.258145     0.416492      0.27197  -0.00901258    -0.116014     0.313983   -0.0668969     0.382918     0.366818     0.481754    -0.238562     0.506348     0.402485    0.0124135            1     0.242068  -0.00257005     -0.14601    -0.342014     0.276001
    -0.173685      0.29218      0.20483     0.264043    -0.188098     0.112846     -0.13749     0.253584    0.0759519     0.329545     -0.10492     0.182617     0.094749     0.222529   -0.0201943    -0.182267    -0.200456      0.15102    -0.144552     0.312763      0.33742     0.308624     0.139278     0.330489     0.158331    0.0938473     0.242068            1     0.110544     0.228654    -0.228722     0.205172
      0.18856    -0.358406    -0.316484    -0.276794    0.0079237    0.0974677  -0.00213167    -0.282022     0.180564    -0.310314    0.0945984    -0.315117    -0.228322    -0.189542   -0.0634944    -0.154564    -0.225445    -0.328893    0.0631324    -0.330473   -0.0952237    -0.315047      0.10106    -0.198793    -0.145681     0.184505  -0.00257005     0.110544            1    -0.256561     0.231559   -0.0224345
  -0.00568662    0.0406544   -0.0275627     0.155889     0.018896   0.00415549   0.00232627    0.0345561    0.0244855     0.088571    0.0215267    0.0461474   -0.0496005   -0.0802787    -0.134095    0.0552785    -0.131402     0.185573   -0.0855204    0.0618714    0.0684939    0.0211099    0.0360603    0.0432696    -0.100297   -0.0330248     -0.14601     0.228654    -0.256561            1   0.00604092    0.0291426
     0.173905    -0.712181    -0.503392    -0.418244     0.291096    -0.111325     0.491477    -0.341798     0.196543    -0.643915     0.037664    -0.603116    -0.373005    -0.577078    -0.179832    -0.208847     0.128511    -0.451427   -0.0260039    -0.744642    -0.518915    -0.704236     0.207696    -0.437592     -0.39115     0.045959    -0.342014    -0.228722     0.231559   0.00604092            1    -0.417246
     -0.18796     0.472689     0.356607     0.401981   -0.0226058     0.166025    -0.607553     0.440087    -0.194475     0.470472   -0.0721489     0.429798      0.30709     0.420823     0.152935     0.188804     -0.15786     0.411723     0.309268     0.550327     0.307732     0.494015      -0.1891     0.357761     0.367541   -0.0228365     0.276001     0.205172   -0.0224345    0.0291426    -0.417246            1

