
Minuit did successfully converge.
# of function calls: 15525
minimum function Value: -784.6956089404
minimum edm: 0.1036884577362
minimum internal state vector: LAVector parameters:
       6.06450528666
     0.8746085709524
    0.00103001322512
     -1.942146004053
   0.002987978430847
    0.06886932563955
     -5.619777983928
    0.03004518860789
  -0.005722351786715
    -0.4848196763647
   -0.01971917357348
     0.3592051736149
   -0.00520447902069
      0.330185726834
   0.001468529646551
    -0.4825268652607
  -0.001541119087508
      1.002464648137
   0.005071115986757
      0.597317266859
  -0.009917944282829
    -0.8234858873333
    0.02484015642047
    -0.1655376181595
     -3.131432050459
     0.2503568598889
  -0.004336891071658
    -0.9064467548507
   -0.00326400016629
     -1.096748588307
       3.04393680767
    -0.3239308145611

minimum internal covariance matrix: LASymMatrix parameters:
  0.00019306135 -0.00024409819 -1.5067509e-06  0.00015504107 -8.9876446e-07  5.1638971e-05 -0.00050792324 -0.00014096337  4.4834012e-06 -0.00014791614  1.5272693e-05 -0.00019118998 -1.5996972e-06 -0.00029000163 -1.0651288e-06  -3.158977e-05  1.3829773e-06 -0.00025713455 -3.0173641e-06 -0.00032595534  3.5002907e-06 -0.00020410904 -1.0183263e-05 -0.00012524128  1.0984419e-05  2.5748388e-05  7.2940764e-07 -0.00017764987  2.5491795e-06  -8.610496e-06 -0.00010018258 -0.00010669987
 -0.00024409819   0.0025995178  6.6676341e-06  -0.0024838795 -6.8822646e-06    0.000172895  -0.0011009533   0.0012629478 -1.2853941e-05   0.0014748369 -2.9719248e-05   0.0028465168  5.6106159e-05   0.0042679718  4.4517221e-06  0.00096623167  -3.694629e-06   0.0031670246  7.5555213e-07   0.0026973528   1.897066e-05   0.0022198759 -0.00011673815   0.0019778477 -0.00020972276  -0.0002087839  3.9890266e-05   0.0010966083 -1.7779766e-05  0.00022588132   0.0015054592  0.00098463053
 -1.5067509e-06  6.6676341e-06  4.0738441e-08  -6.885607e-06 -6.1996686e-09  2.4458404e-07 -4.1057051e-06  3.3140477e-06 -7.7879025e-08  3.7935632e-06 -1.7208562e-07  8.4054169e-06  1.6827562e-07  1.1840253e-05  2.7486052e-08  3.5655088e-06 -9.5719227e-09  1.1569239e-05  4.6602122e-08  9.1202709e-06  3.8836879e-08  6.1096332e-06 -2.3734592e-07  4.5476684e-06 -5.7301019e-07 -2.7024149e-06  7.3754063e-08  3.0433349e-06 -6.2152495e-08 -6.0624767e-07  4.2125072e-06   2.940649e-06
  0.00015504107  -0.0024838795  -6.885607e-06   0.0064079709 -3.8881624e-08 -0.00088985813   0.0027192736 -0.00097038795  8.6874139e-06  -0.0016858534  5.1010152e-05  -0.0035547617  -5.064513e-05  -0.0052996485 -9.9904647e-06    -0.00228858  3.0235909e-06  -0.0050113865  8.4889699e-06  -0.0031401896 -2.2789174e-05  -0.0022719596  0.00010835801  -0.0022601605   0.0002241531 -0.00036007454 -3.7720543e-05   -0.001555928  2.1558644e-05  -0.0013598878  -0.0013881045  -0.0013146725
 -8.9876446e-07 -6.8822646e-06 -6.1996686e-09 -3.8881624e-08  1.2855855e-07  2.7823706e-07  3.0328919e-06 -3.8191459e-06   2.436837e-08 -4.0850354e-06 -1.9604423e-07 -5.4535961e-06 -1.3837503e-07 -1.0711401e-05  1.6140731e-08  1.0585049e-06 -8.0401182e-09   -1.16901e-06   1.760554e-08 -4.3959562e-06 -1.4787175e-07 -6.8317452e-06  3.8218187e-07 -4.8174383e-06  5.2129042e-07 -2.8890159e-06 -1.8396214e-07 -4.9646507e-06  2.7642858e-09  7.3832495e-07 -4.3273211e-06 -3.3114837e-07
  5.1638971e-05    0.000172895  2.4458404e-07 -0.00088985813  2.7823706e-07  0.00060615129 -0.00073276582 -2.4024454e-05  3.3770331e-06  0.00011497053   -1.55974e-06  0.00052337885  1.5527462e-06  0.00072483902  2.2226116e-06  0.00038446363 -5.0540896e-07   0.0008205188 -3.9156151e-06  0.00022759667 -6.3295803e-07  0.00029672468  -3.321521e-05  0.00033099678 -9.5655401e-06  0.00026736197  5.4701745e-06  0.00020451846  2.3348325e-06  1.1149078e-05  0.00011363629  0.00016699945
 -0.00050792324  -0.0011009533 -4.1057051e-06   0.0027192736  3.0328919e-06 -0.00073276582   0.0089839987 -0.00014428762 -1.4469304e-06  -0.0010280005 -1.4702964e-05   -0.002475626 -5.4673608e-05  -0.0036399004 -7.8342324e-06   -0.001271607 -1.8430963e-06  -0.0041008285 -3.3341216e-06  -0.0021035138 -3.6766454e-05  -0.0012328958  0.00017468338  -0.0013163321  0.00018981142 -3.8736393e-06 -4.2242127e-05 -0.00095931138  -1.965892e-07  2.4028164e-05  -0.0019313919  -0.0023527224
 -0.00014096337   0.0012629478  3.3140477e-06 -0.00097038795 -3.8191459e-06 -2.4024454e-05 -0.00014428762   0.0008186037 -8.6089597e-06  0.00067498813 -1.9729976e-05   0.0012344461  2.4258381e-05   0.0019293807  1.2196908e-06   0.0003038096 -2.0431803e-06   0.0013136346  2.4968998e-06   0.0012035857  7.6980156e-06   0.0010646982 -5.0394358e-05  0.00092571126 -0.00010017388 -9.4536217e-05  2.0326103e-05  0.00053408754  -7.850979e-06  0.00010774274  0.00040545105  0.00051443055
  4.4834012e-06 -1.2853941e-05 -7.7879025e-08  8.6874139e-06   2.436837e-08  3.3770331e-06 -1.4469304e-06 -8.6089597e-06  4.6459597e-07 -8.5000187e-06  2.3905372e-07 -1.2998169e-05 -2.3802206e-07 -1.9115602e-05 -5.4142175e-08 -4.3133171e-06  3.8904052e-08 -1.1739472e-05 -2.9241132e-07 -1.8618611e-05 -2.7731846e-08 -9.9257078e-06  7.1106322e-07 -5.8955082e-06  8.8165826e-07  5.1288781e-06 -1.1905231e-07  3.8109278e-06  1.1974934e-07  1.8187502e-06 -5.5542787e-06 -5.4156782e-06
 -0.00014791614   0.0014748369  3.7935632e-06  -0.0016858534 -4.0850354e-06  0.00011497053  -0.0010280005  0.00067498813 -8.5000187e-06    0.001216629 -1.0631366e-05   0.0016895839  3.7621873e-05   0.0025855831  3.0120928e-06  0.00063608094 -1.8462981e-06   0.0020058397 -2.8914096e-07   0.0018859701  1.1232281e-05   0.0012506143 -7.0141144e-05   0.0011310113 -0.00013203867 -0.00026001651  2.2208579e-05   0.0008461506 -1.0531351e-05  0.00033666425  0.00093119349  0.00067044731
  1.5272693e-05 -2.9719248e-05 -1.7208562e-07  5.1010152e-05 -1.9604423e-07   -1.55974e-06 -1.4702964e-05 -1.9729976e-05  2.3905372e-07 -1.0631366e-05  1.5112133e-05 -5.1368023e-05  3.2069484e-06 -8.8055202e-05 -4.3746228e-08  7.3393126e-06  1.8757689e-07 -4.0120043e-05 -8.3803018e-08 -3.8496599e-05  6.4385786e-08 -2.3024911e-05 -1.3451427e-05  -3.678691e-05 -8.2986601e-07 -4.1018521e-05  2.3898791e-08 -3.0024587e-05  3.5780883e-07  9.1194099e-06  -6.070466e-06 -1.1458929e-05
 -0.00019118998   0.0028465168  8.4054169e-06  -0.0035547617 -5.4535961e-06  0.00052337885   -0.002475626   0.0012344461 -1.2998169e-05   0.0016895839 -5.1368023e-05   0.0053669966  6.8236109e-05    0.006960096  7.3658273e-06   0.0015254699 -2.9127309e-06   0.0044960018  4.7644289e-07   0.0032667551  2.2853764e-05   0.0025080218 -0.00024746691   0.0023178239 -0.00023020818 -0.00080797639  3.9642365e-05  0.00098482809 -2.2461691e-05  0.00036841654   0.0018318869   0.0012864171
 -1.5996972e-06  5.6106159e-05  1.6827562e-07  -5.064513e-05 -1.3837503e-07  1.5527462e-06 -5.4673608e-05  2.4258381e-05 -2.3802206e-07  3.7621873e-05  3.2069484e-06  6.8236109e-05   5.871403e-06  9.3235824e-05    1.42515e-07  2.8784448e-05 -6.7875885e-08  8.1294599e-05  6.1941295e-08  6.3405881e-05  5.6730755e-07   4.711591e-05  -6.908197e-06  3.7521791e-05 -1.2171266e-05 -0.00012006874  9.5269449e-07  1.6900512e-05  -5.382975e-07 -1.3097364e-05  3.7472951e-05  3.0400999e-05
 -0.00029000163   0.0042679718  1.1840253e-05  -0.0052996485 -1.0711401e-05  0.00072483902  -0.0036399004   0.0019293807 -1.9115602e-05   0.0025855831 -8.8055202e-05    0.006960096  9.3235824e-05    0.012733576  9.2557249e-06   0.0023636226 -8.6821716e-06   0.0056860761  2.8518714e-06   0.0047900073  3.8368758e-05   0.0038728562 -0.00028030754    0.003684768 -0.00049917639   0.0016894923  7.1581353e-05   0.0018484836 -2.0810572e-05 -0.00098719336   0.0026998664   0.0019401107
 -1.0651288e-06  4.4517221e-06  2.7486052e-08 -9.9904647e-06  1.6140731e-08  2.2226116e-06 -7.8342324e-06  1.2196908e-06 -5.4142175e-08  3.0120928e-06 -4.3746228e-08  7.3658273e-06    1.42515e-07  9.2557249e-06  2.3970363e-07  4.2864942e-06 -2.3581591e-08  2.0707186e-05   2.837065e-08  7.4386358e-06  1.8078394e-08  4.3388841e-06 -5.7763996e-07 -3.7171968e-07 -3.2669757e-07 -5.2370973e-06  2.0280379e-07 -7.2781352e-07  -3.024665e-08 -7.1544259e-06  3.6503605e-06  3.0591201e-06
  -3.158977e-05  0.00096623167  3.5655088e-06    -0.00228858  1.0585049e-06  0.00038446363   -0.001271607   0.0003038096 -4.3133171e-06  0.00063608094  7.3393126e-06   0.0015254699  2.8784448e-05   0.0023636226  4.2864942e-06    0.006576472  7.8522684e-06   0.0029516067  1.3309754e-06   0.0014844985  1.0670056e-05  0.00089165926 -1.2461557e-05  0.00080308814  -9.163249e-05  0.00055211183 -1.1131764e-06  -0.0010880731 -1.2195784e-05  0.00048851691  0.00070219238  0.00062554718
  1.3829773e-06  -3.694629e-06 -9.5719227e-09  3.0235909e-06 -8.0401182e-09 -5.0540896e-07 -1.8430963e-06 -2.0431803e-06  3.8904052e-08 -1.8462981e-06  1.8757689e-07 -2.9127309e-06 -6.7875885e-08 -8.6821716e-06 -2.3581591e-08  7.8522684e-06   1.169314e-07 -1.0196659e-05 -2.2909584e-08 -4.3019025e-06  8.9340637e-09 -2.8645205e-06  1.0709885e-08 -2.7682684e-06  5.3173703e-07 -4.5120039e-06  -6.042187e-08 -5.0459037e-06 -7.5008547e-08 -4.8965754e-06 -1.8219503e-06 -2.2054035e-06
 -0.00025713455   0.0031670246  1.1569239e-05  -0.0050113865   -1.16901e-06   0.0008205188  -0.0041008285   0.0013136346 -1.1739472e-05   0.0020058397 -4.0120043e-05   0.0044960018  8.1294599e-05   0.0056860761  2.0707186e-05   0.0029516067 -1.0196659e-05    0.013561413  2.0205232e-06   0.0040916902  2.6577142e-05   0.0030019797 -0.00017287676    0.002377875  -0.0002214357 -0.00064765061  5.5689981e-05   0.0012946138 -3.7265907e-05   0.0023550157   0.0021795761   0.0019588859
 -3.0173641e-06  7.5555213e-07  4.6602122e-08  8.4889699e-06   1.760554e-08 -3.9156151e-06 -3.3341216e-06  2.4968998e-06 -2.9241132e-07 -2.8914096e-07 -8.3803018e-08  4.7644289e-07  6.1941295e-08  2.8518714e-06   2.837065e-08  1.3309754e-06 -2.2909584e-08  2.0205232e-06  3.3726232e-07  5.3191126e-06 -2.2827932e-08  1.2583371e-06 -2.6831018e-07 -2.5427025e-06 -3.4727946e-07 -1.5717805e-06 -5.9170894e-08 -6.1796135e-06  3.5673084e-08 -5.4122763e-06  6.2611629e-07  7.3378868e-06
 -0.00032595534   0.0026973528  9.1202709e-06  -0.0031401896 -4.3959562e-06  0.00022759667  -0.0021035138   0.0012035857 -1.8618611e-05   0.0018859701 -3.8496599e-05   0.0032667551  6.3405881e-05   0.0047900073  7.4386358e-06   0.0014844985 -4.3019025e-06   0.0040916902  5.3191126e-06    0.003625394  2.1845835e-05   0.0023186945 -0.00011411265   0.0020292896 -0.00021997483 -0.00047668183  3.5115713e-05   0.0013862702 -1.9360569e-05   0.0004059699   0.0018589062   0.0013537866
  3.5002907e-06   1.897066e-05  3.8836879e-08 -2.2789174e-05 -1.4787175e-07 -6.3295803e-07 -3.6766454e-05  7.6980156e-06 -2.7731846e-08  1.1232281e-05  6.4385786e-08  2.2853764e-05  5.6730755e-07  3.8368758e-05  1.8078394e-08  1.0670056e-05  8.9340637e-09  2.6577142e-05 -2.2827932e-08  2.1845835e-05  5.7782838e-07  1.6943127e-05 -6.3561381e-07  1.7083024e-05 -2.0044123e-06  1.5084712e-06  4.2468723e-07  1.8880988e-05 -7.0428565e-08  5.6738491e-06  1.6354161e-05  9.5570545e-06
 -0.00020410904   0.0022198759  6.1096332e-06  -0.0022719596 -6.8317452e-06  0.00029672468  -0.0012328958   0.0010646982 -9.9257078e-06   0.0012506143 -2.3024911e-05   0.0025080218   4.711591e-05   0.0038728562  4.3388841e-06  0.00089165926 -2.8645205e-06   0.0030019797  1.2583371e-06   0.0023186945  1.6943127e-05    0.002049719 -0.00010553376   0.0016984305 -0.00018119122    3.70146e-05  3.3219335e-05   0.0010285629 -1.3878011e-05  0.00010415036    0.001321897  0.00091377345
 -1.0183263e-05 -0.00011673815 -2.3734592e-07  0.00010835801  3.8218187e-07  -3.321521e-05  0.00017468338 -5.0394358e-05  7.1106322e-07 -7.0141144e-05 -1.3451427e-05 -0.00024746691  -6.908197e-06 -0.00028030754 -5.7763996e-07 -1.2461557e-05  1.0709885e-08 -0.00017287676 -2.6831018e-07 -0.00011411265 -6.3561381e-07 -0.00010553376  7.0063644e-05 -0.00010262423  2.3043877e-05  0.00017214283 -3.0413535e-06  8.5818807e-05  8.2305967e-07  3.2892904e-05 -7.2078749e-05 -6.4667896e-05
 -0.00012524128   0.0019778477  4.5476684e-06  -0.0022601605 -4.8174383e-06  0.00033099678  -0.0013163321  0.00092571126 -5.8955082e-06   0.0011310113  -3.678691e-05   0.0023178239  3.7521791e-05    0.003684768 -3.7171968e-07  0.00080308814 -2.7682684e-06    0.002377875 -2.5427025e-06   0.0020292896  1.7083024e-05   0.0016984305 -0.00010262423   0.0036171232 -0.00022212516   0.0013200872  4.6382025e-05   0.0014631617 -1.1632871e-05  0.00028358992   0.0010911463  0.00087907553
  1.0984419e-05 -0.00020972276 -5.7301019e-07   0.0002241531  5.2129042e-07 -9.5655401e-06  0.00018981142 -0.00010017388  8.8165826e-07 -0.00013203867 -8.2986601e-07 -0.00023020818 -1.2171266e-05 -0.00049917639 -3.2669757e-07  -9.163249e-05  5.3173703e-07  -0.0002214357 -3.4727946e-07 -0.00021997483 -2.0044123e-06 -0.00018119122  2.3043877e-05 -0.00022212516  5.3630583e-05  8.8967608e-05 -4.4892546e-06  -8.535469e-05  1.0380363e-06  8.0042256e-05 -0.00011876308 -0.00010996732
  2.5748388e-05  -0.0002087839 -2.7024149e-06 -0.00036007454 -2.8890159e-06  0.00026736197 -3.8736393e-06 -9.4536217e-05  5.1288781e-06 -0.00026001651 -4.1018521e-05 -0.00080797639 -0.00012006874   0.0016894923 -5.2370973e-06  0.00055211183 -4.5120039e-06 -0.00064765061 -1.5717805e-06 -0.00047668183  1.5084712e-06    3.70146e-05  0.00017214283   0.0013200872  8.8967608e-05   0.0091023959  1.8038041e-06  0.00065910415  1.7127334e-05 -0.00034335593 -0.00018179451 -8.9014266e-05
  7.2940764e-07  3.9890266e-05  7.3754063e-08 -3.7720543e-05 -1.8396214e-07  5.4701745e-06 -4.2242127e-05  2.0326103e-05 -1.1905231e-07  2.2208579e-05  2.3898791e-08  3.9642365e-05  9.5269449e-07  7.1581353e-05  2.0280379e-07 -1.1131764e-06  -6.042187e-08  5.5689981e-05 -5.9170894e-08  3.5115713e-05  4.2468723e-07  3.3219335e-05 -3.0413535e-06  4.6382025e-05 -4.4892546e-06  1.8038041e-06  2.3197281e-06  2.7140025e-05 -3.8085922e-09 -2.4234154e-05  2.1597085e-05  1.7174339e-05
 -0.00017764987   0.0010966083  3.0433349e-06   -0.001555928 -4.9646507e-06  0.00020451846 -0.00095931138  0.00053408754  3.8109278e-06   0.0008461506 -3.0024587e-05  0.00098482809  1.6900512e-05   0.0018484836 -7.2781352e-07  -0.0010880731 -5.0459037e-06   0.0012946138 -6.1796135e-06   0.0013862702  1.8880988e-05   0.0010285629  8.5818807e-05   0.0014631617  -8.535469e-05  0.00065910415  2.7140025e-05   0.0054188687  7.9176283e-06   0.0018342545  0.00069806254  0.00061705596
  2.5491795e-06 -1.7779766e-05 -6.2152495e-08  2.1558644e-05  2.7642858e-09  2.3348325e-06  -1.965892e-07  -7.850979e-06  1.1974934e-07 -1.0531351e-05  3.5780883e-07 -2.2461691e-05  -5.382975e-07 -2.0810572e-05  -3.024665e-08 -1.2195784e-05 -7.5008547e-08 -3.7265907e-05  3.5673084e-08 -1.9360569e-05 -7.0428565e-08 -1.3878011e-05  8.2305967e-07 -1.1632871e-05  1.0380363e-06  1.7127334e-05 -3.8085922e-09  7.9176283e-06  9.4669177e-07 -2.7203239e-05 -9.3411138e-06 -8.9180975e-07
  -8.610496e-06  0.00022588132 -6.0624767e-07  -0.0013598878  7.3832495e-07  1.1149078e-05  2.4028164e-05  0.00010774274  1.8187502e-06  0.00033666425  9.1194099e-06  0.00036841654 -1.3097364e-05 -0.00098719336 -7.1544259e-06  0.00048851691 -4.8965754e-06   0.0023550157 -5.4122763e-06   0.0004059699  5.6738491e-06  0.00010415036  3.2892904e-05  0.00028358992  8.0042256e-05 -0.00034335593 -2.4234154e-05   0.0018342545 -2.7203239e-05    0.011875529 -2.7293649e-05  0.00012974979
 -0.00010018258   0.0015054592  4.2125072e-06  -0.0013881045 -4.3273211e-06  0.00011363629  -0.0019313919  0.00040545105 -5.5542787e-06  0.00093119349  -6.070466e-06   0.0018318869  3.7472951e-05   0.0026998664  3.6503605e-06  0.00070219238 -1.8219503e-06   0.0021795761  6.2611629e-07   0.0018589062  1.6354161e-05    0.001321897 -7.2078749e-05   0.0010911463 -0.00011876308 -0.00018179451  2.1597085e-05  0.00069806254 -9.3411138e-06 -2.7293649e-05   0.0017189546    0.000706767
 -0.00010669987  0.00098463053   2.940649e-06  -0.0013146725 -3.3114837e-07  0.00016699945  -0.0023527224  0.00051443055 -5.4156782e-06  0.00067044731 -1.1458929e-05   0.0012864171  3.0400999e-05   0.0019401107  3.0591201e-06  0.00062554718 -2.2054035e-06   0.0019588859  7.3378868e-06   0.0013537866  9.5570545e-06  0.00091377345 -6.4667896e-05  0.00087907553 -0.00010996732 -8.9014266e-05  1.7174339e-05  0.00061705596 -8.9180975e-07  0.00012974979    0.000706767   0.0016691788


# ext. ||   Name    ||   type  ||     Value     ||  Error +/- 

   0   ||phasespace ||  fixed  ||                   0 ||
   1   ||xphsp_0mp_f0980f1_mag ||  fixed  ||                  10 ||
   2   ||xphsp_0mp_f0980f1_phase ||  fixed  ||                   1 ||
   3   ||X_phsp_mass ||  fixed  ||                   2 ||
   4   ||X_phsp_width ||  fixed  ||                 100 ||
   5   ||f0980_mass ||  fixed  ||      0.964999973774 ||
   6   ||  f0980_g1 ||  fixed  ||     0.1650000065565 ||
   7   ||  f0980_g2 ||  fixed  ||      2.105000019073 ||
   8   ||  f0980_g3 ||  fixed  ||      2.105000019073 ||
   9   ||xphsp_0mp_a0980a1_mag || limited ||     -21.69412687312 ||0.9590862323971
  10   ||xphsp_0mp_a0980a1_phase || limited ||      4.820975847954 ||0.1452347953043
  11   ||a0980_mass ||  fixed  ||     0.9955000281334 ||
  12   ||  a0980_g1 ||  fixed  ||     0.3680000007153 ||
  13   ||  a0980_g2 ||  fixed  ||      0.465499997139 ||
  14   ||  a0980_g3 ||  fixed  ||      0.465499997139 ||
  15   ||  a0980_g4 ||  fixed  ||      0.488999992609 ||
  16   ||xphsp_0mp_a0980a2_mag ||  fixed  ||                   0 ||
  17   ||xphsp_0mp_a0980a2_phase ||  fixed  ||                   0 ||
  18   ||xphsp_0mp_a21320a1_mag || limited ||     0.1030013042991 ||0.01427207018666
  19   ||xphsp_0mp_a21320a1_phase || limited ||     -5.854834174379 ||0.1289859768995
  20   ||a21320_mass ||  fixed  ||      1.317999958992 ||
  21   ||a21320_width ||  fixed  ||     0.1049999967217 ||
  22   ||xphsp_0mp_a21320a2_mag ||  fixed  ||                   0 ||
  23   ||xphsp_0mp_a21320a2_phase ||  fixed  ||                   0 ||
  24   ||xphsp_0mp_f21270f1_mag || limited ||      0.298797398473 ||0.02535324475392
  25   ||xphsp_0mp_f21270f1_phase || limited ||      0.432370891493 ||0.109118106284
  26   ||f21270_mass ||  fixed  ||      1.274999976158 ||
  27   ||f21270_width ||  fixed  ||     0.1850000023842 ||
  28   ||xphsp_0mp_f01710f1_mag || limited ||      61.58050465693 ||5.276731054872
  29   ||xphsp_0mp_f01710f1_phase || limited ||      0.188748527766 ||0.127048679794
  30   ||f01710_mass ||  fixed  ||      1.722000002861 ||
  31   ||f01710_width ||  fixed  ||     0.1350000053644 ||
  32   ||xphsp_0mp_a21700a1_mag || limited ||    -0.5722320556736 ||0.04819651033458
  33   ||xphsp_0mp_a21700a1_phase || limited ||      -2.92823142623 ||0.1370941837867
  34   ||a21700_mass ||  fixed  ||      1.731999993324 ||
  35   ||a21700_width ||  fixed  ||      0.194000005722 ||
  36   ||xphsp_0mp_a21700a2_mag ||  fixed  ||                   0 ||
  37   ||xphsp_0mp_a21700a2_phase ||  fixed  ||                   0 ||
  38   ||xphsp_1pp_a0980a1_mag || limited ||     -1.971789564534 ||0.2748292180241
  39   ||xphsp_1pp_a0980a1_phase || limited ||      2.208699737405 ||0.3045707104162
  40   ||xphsp_1pp_a0980a2_mag ||  fixed  ||                   0 ||
  41   ||xphsp_1pp_a0980a2_phase ||  fixed  ||                   0 ||
  42   ||xphsp_1pp_a0980a3_mag || limited ||    -0.5204455525447 ||0.1713364844639
  43   ||xphsp_1pp_a0980a3_phase || limited ||      2.037098733051 ||0.4737575864924
  44   ||xphsp_1pp_a0980a4_mag ||  fixed  ||                   0 ||
  45   ||xphsp_1pp_a0980a4_phase ||  fixed  ||                   0 ||
  46   ||xphsp_1pp_a21320a1_mag || limited ||     0.1468529118718 ||0.03461958276716
  47   ||xphsp_1pp_a21320a1_phase || limited ||     -2.915477936221 ||0.3189814907664
  48   ||xphsp_1pp_a21320a2_mag ||  fixed  ||                   0 ||
  49   ||xphsp_1pp_a21320a2_phase ||  fixed  ||                   0 ||
  50   ||xphsp_1pp_a21320a3_mag || limited ||    -0.1541118477469 ||0.02417965228992
  51   ||xphsp_1pp_a21320a3_phase || limited ||      5.295397308131 ||0.2781543171065
  52   ||xphsp_1pp_a21320a4_mag ||  fixed  ||                   0 ||
  53   ||xphsp_1pp_a21320a4_phase ||  fixed  ||                   0 ||
  54   ||xphsp_0mp_a2phspa1_mag || limited ||     0.5071094251798 ||0.04106419511378
  55   ||xphsp_0mp_a2phspa1_phase || limited ||      3.533780688275 ||0.2211213875159
  56   ||a2phsp_mass ||  fixed  ||                   2 ||
  57   ||a2phsp_width ||  fixed  ||                 100 ||
  58   ||xphsp_0mp_a2phspa2_mag ||  fixed  ||                   0 ||
  59   ||xphsp_0mp_a2phspa2_phase ||  fixed  ||                   0 ||
  60   ||xphsp_0mp_f2phspf1_mag || limited ||    -0.9917781686174 ||0.05374809228259
  61   ||xphsp_0mp_f2phspf1_phase || limited ||     -4.608776646386 ||0.1366875699961
  62   ||f2phsp_mass ||  fixed  ||                   2 ||
  63   ||f2phsp_width ||  fixed  ||                 100 ||
  64   ||xphsp_1pp_f01370f1_mag || limited ||      2.483760196504 ||0.5916908148731
  65   ||xphsp_1pp_f01370f1_phase || limited ||     -1.035345723766 ||0.2634704530812
  66   ||f01370_mass ||  fixed  ||      1.350000023842 ||
  67   ||f01370_width ||  fixed  ||     0.2310000061989 ||
  68   ||xphsp_1pp_f01370f2_mag || limited ||     -1.016042830483 ||0.5178057894029
  69   ||xphsp_1pp_f01370f2_phase || limited ||      1.556636231345 ||0.4103479689396
  70   ||xphsp_1pp_a21700a1_mag || limited ||    -0.4336877476512 ||0.1076959517384
  71   ||xphsp_1pp_a21700a1_phase || limited ||     -4.946797645867 ||0.2015503105415
  72   ||xphsp_1pp_a21700a2_mag ||  fixed  ||                   0 ||
  73   ||xphsp_1pp_a21700a2_phase ||  fixed  ||                   0 ||
  74   ||xphsp_1pp_a21700a3_mag || limited ||    -0.3263994370682 ||0.0687997652537
  75   ||xphsp_1pp_a21700a3_phase || limited ||     -5.590249005971 ||0.2207944721751
  76   ||xphsp_1pp_a21700a4_mag ||  fixed  ||                   0 ||
  77   ||xphsp_1pp_a21700a4_phase ||  fixed  ||                   0 ||
  78   ||xphsp_0mp_f01500f1_mag || limited ||      9.750070141405 ||2.91729824268
  79   ||xphsp_0mp_f01500f1_phase || limited ||     -1.999881800567 ||0.1720499246284
  80   ||f01500_mass ||  fixed  ||      1.504999995232 ||
  81   ||f01500_width ||  fixed  ||     0.1089999973774 ||





