
MnUserCovariance: 

     0.919876   -0.0480065  -0.00735433   -0.0172535  -0.00438678    0.0157988     -1.95331   -0.0432102    0.0218828   -0.0401344    0.0745304   -0.0548907  -0.00780789   -0.0841316  -0.00519881  -0.00858164    0.0067502   -0.0424426   -0.0147273   -0.0826532    0.0170838   -0.0425437   -0.0496884   -0.0378831   -0.0536113   0.00765017   0.00356015   -0.0335898    0.0124423  -0.00120542     0.486654   -0.0310202
   -0.0480065    0.0211023   0.00134331    0.0114094  -0.00138654   0.00218338     -0.17476    0.0159796   -0.0025896    0.0165176  -0.00598628    0.0337325    0.0113034    0.0511072  0.000896873    0.0108344 -0.000744344    0.0215771  0.000152217    0.0282319   0.00382177    0.0190987   -0.0235116    0.0246941      0.04225  -0.00256047   0.00803649   0.00855845  -0.00358201   0.00130524    -0.301855    0.0118156
  -0.00735433   0.00134331  0.000203692  0.000784949 -3.09982e-05  7.66551e-05   -0.0161744   0.00104065 -0.000389389   0.00105443  -0.00086026   0.00247207  0.000841366   0.00351874   0.00013743  0.000992232 -4.78595e-05    0.0019562  0.000233007   0.00236906  0.000194175   0.00130454  -0.00118636   0.00140914    0.0028649 -0.000822509  0.000368767  0.000589467 -0.000310761 -8.69414e-05   -0.0209622  0.000875773
   -0.0172535    0.0114094  0.000784949    0.0166552  4.43243e-06   0.00635862    -0.244243    0.0069474 -0.000990336    0.0106836  -0.00581395    0.0238364   0.00577339     0.035909    0.0011389    0.0145207 -0.000344684    0.0193195 -0.000967717    0.0185975    0.0025978    0.0110604   -0.0123488    0.0159674    0.0255518   0.00249868   0.00430005   0.00687114  -0.00245764    0.0044464    -0.157488   0.00892679
  -0.00438678  -0.00138654 -3.09982e-05  4.43243e-06  0.000642787   8.7202e-05     0.011948  -0.00119926  0.000121839  -0.00113544 -0.000980026  -0.00160392 -0.000691863  -0.00318325  8.07032e-05  0.000294566 -4.02004e-05 -0.000197663  8.80262e-05  -0.00114188 -0.000739319  -0.00145872   0.00191031  -0.00149273  -0.00260631   -0.0008793 -0.000919798 -0.000961606  1.38213e-05  0.000105882    0.0215334 -9.86209e-05
    0.0157988   0.00218338  7.66551e-05   0.00635862   8.7202e-05     0.011908    -0.180946 -0.000472873   0.00105838   0.00200308 -0.000488744   0.00964853   0.00048664    0.0135024  0.000696589   0.00670642   -0.0001584   0.00869643  -0.00122718   0.00370577 -0.000198366   0.00397135   -0.0104068   0.00642885   0.00299778   0.00510072   0.00171439   0.00248305  0.000731757  0.000100221   -0.0354451    0.0031175
     -1.95331     -0.17476   -0.0161744    -0.244243     0.011948    -0.180946      27.8856   -0.0356983  -0.00570008     -0.22513    -0.057911    -0.573663    -0.215383    -0.852289   -0.0308629    -0.278814  -0.00726086    -0.546325   -0.0131346    -0.430512    -0.144834    -0.207414     0.687952    -0.321368    -0.747722  -0.00092892    -0.166411      -0.1464 -0.000774458   0.00271499      7.57245    -0.552064
   -0.0432102    0.0159796   0.00104065    0.0069474  -0.00119926 -0.000472873   -0.0356983    0.0161436  -0.00270328    0.0117827  -0.00619427    0.0228009   0.00761735      0.03601  0.000382999   0.00530972 -0.000641585    0.0139496  0.000784049    0.0196347   0.00241716    0.0142773   -0.0158196    0.0180144    0.0314543  -0.00180703   0.00638261   0.00649682   -0.0024653  0.000970382     -0.12671   0.00962173
    0.0218828   -0.0025896 -0.000389389 -0.000990336  0.000121839   0.00105838  -0.00570008  -0.00270328    0.0023229  -0.00236255   0.00119502  -0.00382276  -0.00119007  -0.00568078 -0.000270706  -0.00120032  0.000194517  -0.00198496  -0.00146201  -0.00483626  -0.00013865  -0.00211931   0.00355416  -0.00182676  -0.00440799     0.001561 -0.000595246  0.000738132  0.000598734  0.000260821    0.0276386  -0.00161285
   -0.0401344    0.0165176   0.00105443    0.0106836  -0.00113544   0.00200308     -0.22513    0.0117827  -0.00236255    0.0187986  -0.00295443    0.0276236    0.0104569    0.0427154  0.000837215   0.00984019 -0.000513181     0.018854 -8.03661e-05    0.0272335   0.00312188    0.0148444   -0.0194898    0.0194819    0.0366984  -0.00439935   0.00617285   0.00911081  -0.00292719   0.00268394    -0.257593    0.0110997
    0.0745304  -0.00598628  -0.00086026  -0.00581395 -0.000980026 -0.000488744    -0.057911  -0.00619427   0.00119502  -0.00295443    0.0755313   -0.0151046    0.0160314   -0.0261636 -0.000218688   0.00204203  0.000937701  -0.00678244 -0.000418928  -0.00999787  0.000321851  -0.00491535   -0.0672233   -0.0113966   0.00414831    -0.012482   0.00011947  -0.00581437   0.00178869   0.00130755    0.0302018  -0.00341199
   -0.0548907    0.0337325   0.00247207    0.0238364  -0.00160392   0.00964853    -0.573663    0.0228009  -0.00382276    0.0276236   -0.0151046    0.0928463    0.0200683     0.121667   0.00216632    0.0249705 -0.000856646    0.0447165  0.000140122    0.0499135   0.00672107    0.0314995   -0.0727587    0.0422453    0.0677018    -0.014465    0.0116589    0.0112202  -0.00660605   0.00310776    -0.536199    0.0225352
  -0.00780789    0.0113034  0.000841366   0.00577339 -0.000691863   0.00048664    -0.215383   0.00761735  -0.00119007    0.0104569    0.0160314    0.0200683    0.0293562    0.0277079  0.000712565   0.00801021 -0.000339374    0.0137456  0.000309698      0.01647   0.00283636    0.0100601   -0.0345299    0.0116264    0.0608524   -0.0365437   0.00476336   0.00327344  -0.00269144  -0.00187826     -0.18647   0.00905379
   -0.0841316    0.0511072   0.00351874     0.035909  -0.00318325    0.0135024    -0.852289      0.03601  -0.00568078    0.0427154   -0.0261636     0.121667    0.0277079     0.224923   0.00275066    0.0390955  -0.00258021    0.0571451  0.000847523    0.0739541    0.0114021    0.0491507   -0.0832775     0.067863      0.14834    0.0305634    0.0212727    0.0212805  -0.00618456  -0.00841464    -0.798537    0.0343425
  -0.00519881  0.000896873   0.00013743    0.0011389  8.07032e-05  0.000696589   -0.0308629  0.000382999 -0.000270706  0.000837215 -0.000218688   0.00216632  0.000712565   0.00275066   0.00119852   0.00119287 -0.000117908    0.0035013  0.000141851   0.00193225  9.03874e-05  0.000926443  -0.00288731 -0.000115181    0.0016334  -0.00159397   0.00101401 -0.000140971 -0.000151232  -0.00102601   -0.0181648  0.000911055
  -0.00858164    0.0108344  0.000992232    0.0145207  0.000294566   0.00670642    -0.278814   0.00530972  -0.00120032   0.00984019   0.00204203    0.0249705   0.00801021    0.0390955   0.00119287     0.101861   0.00218518    0.0277773  0.000370388     0.021462   0.00296919    0.0105965  -0.00346681    0.0138501    0.0254988   0.00935272 -0.000309779   -0.0117298   -0.0033939   0.00389922     -0.19448    0.0103688
    0.0067502 -0.000744344 -4.78595e-05 -0.000344684 -4.02004e-05   -0.0001584  -0.00726086 -0.000641585  0.000194517 -0.000513181  0.000937701 -0.000856646 -0.000339374  -0.00258021 -0.000117908   0.00218518  0.000584656  -0.00172412 -0.000114546  -0.00111745  4.46681e-05 -0.000611635  5.35328e-05 -0.000857776  -0.00265854  -0.00137328 -0.000302106 -0.000977347  -0.00037504 -0.000702212   0.00906634 -0.000656804
   -0.0424426    0.0215771    0.0019562    0.0193195 -0.000197663   0.00869643    -0.546325    0.0139496  -0.00198496     0.018854  -0.00678244    0.0447165    0.0137456    0.0571451    0.0035013    0.0277773  -0.00172412    0.0775449  0.000341639    0.0359428   0.00449362    0.0216764   -0.0292221    0.0249169    0.0374399  -0.00666606   0.00941634   0.00847988  -0.00630113    0.0114211    -0.366781    0.0197286
   -0.0147273  0.000152217  0.000233007 -0.000967717  8.80262e-05  -0.00122718   -0.0131346  0.000784049  -0.00146201 -8.03661e-05 -0.000418928  0.000140122  0.000309698  0.000847523  0.000141851  0.000370388 -0.000114546  0.000341639   0.00168627   0.00138167 -0.000114133  0.000268678  -0.00134112 -0.000787873   0.00173629 -0.000478382 -0.000295848  -0.00119692  0.000178362 -0.000776159  -0.00311563   0.00218531
   -0.0826532    0.0282319   0.00236906    0.0185975  -0.00114188   0.00370577    -0.430512    0.0196347  -0.00483626    0.0272335  -0.00999787    0.0499135      0.01647    0.0739541   0.00193225     0.021462  -0.00111745    0.0359428   0.00138167    0.0489242   0.00567436    0.0257208   -0.0296326     0.032667    0.0571373  -0.00753732   0.00912151    0.0139495  -0.00502904   0.00302461    -0.480566    0.0209459
    0.0170838   0.00382177  0.000194175    0.0025978 -0.000739319 -0.000198366    -0.144834   0.00241716  -0.00013865   0.00312188  0.000321851   0.00672107   0.00283636    0.0114021  9.03874e-05   0.00296919  4.46681e-05   0.00449362 -0.000114133   0.00567436   0.00288886   0.00361754  -0.00317693   0.00529309    0.0100211  0.000459097   0.00212331    0.0036569 -0.000352124  0.000813641   -0.0813772   0.00284611
   -0.0425437    0.0190987   0.00130454    0.0110604  -0.00145872   0.00397135    -0.207414    0.0142773  -0.00211931    0.0148444  -0.00491535    0.0314995    0.0100601    0.0491507  0.000926443    0.0105965 -0.000611635    0.0216764  0.000268678    0.0257208   0.00361754    0.0186899   -0.0225267    0.0224742    0.0386862  0.000481097   0.00709297    0.0085077  -0.00296323  0.000637835    -0.280908    0.0116214
   -0.0496884   -0.0235116  -0.00118636   -0.0123488   0.00191031   -0.0104068     0.687952   -0.0158196   0.00355416   -0.0194898   -0.0672233   -0.0727587   -0.0345299   -0.0832775  -0.00288731  -0.00346681  5.35328e-05   -0.0292221  -0.00134112   -0.0296326  -0.00317693   -0.0225267     0.350102   -0.0317894    -0.115178    0.0523774   -0.0152019    0.0166172   0.00411401   0.00471569     0.358566   -0.0192532
   -0.0378831    0.0246941   0.00140914    0.0159674  -0.00149273   0.00642885    -0.321368    0.0180144  -0.00182676    0.0194819   -0.0113966    0.0422453    0.0116264     0.067863 -0.000115181    0.0138501 -0.000857776    0.0249169 -0.000787873     0.032667   0.00529309    0.0224742   -0.0317894    0.0694585    0.0688243    0.0248993    0.0143718     0.017563  -0.00360455   0.00252037    -0.336492    0.0162245
   -0.0536113      0.04225    0.0028649    0.0255518  -0.00260631   0.00299778    -0.747722    0.0314543  -0.00440799    0.0366984   0.00414831    0.0677018    0.0608524      0.14834    0.0016334    0.0254988  -0.00265854    0.0374399   0.00173629    0.0571373    0.0100211    0.0386862    -0.115178    0.0688243     0.268125   -0.0270769    0.0224449    0.0165316  -0.00518989   -0.0114782    -0.590956    0.0327484
   0.00765017  -0.00256047 -0.000822509   0.00249868   -0.0008793   0.00510072  -0.00092892  -0.00180703     0.001561  -0.00439935    -0.012482    -0.014465   -0.0365437    0.0305634  -0.00159397   0.00935272  -0.00137328  -0.00666606 -0.000478382  -0.00753732  0.000459097  0.000481097    0.0523774    0.0248993   -0.0270769     0.168641  0.000549002   0.00777111   0.00521286  -0.00299737    0.0550675  -0.00161372
   0.00356015   0.00803649  0.000368767   0.00430005 -0.000919798   0.00171439    -0.166411   0.00638261 -0.000595246   0.00617285   0.00011947    0.0116589   0.00476336    0.0212727   0.00101401 -0.000309779 -0.000302106   0.00941634 -0.000295848   0.00912151   0.00212331   0.00709297   -0.0152019    0.0143718    0.0224449  0.000549002    0.0115984   0.00525674 -1.90427e-05  -0.00347536     -0.10747   0.00511475
   -0.0335898   0.00855845  0.000589467   0.00687114 -0.000961606   0.00248305      -0.1464   0.00649682  0.000738132   0.00911081  -0.00581437    0.0112202   0.00327344    0.0212805 -0.000140971   -0.0117298 -0.000977347   0.00847988  -0.00119692    0.0139495    0.0036569    0.0085077    0.0166172     0.017563    0.0165316   0.00777111   0.00525674    0.0406592   0.00153357    0.0101901    -0.134564   0.00711891
    0.0124423  -0.00358201 -0.000310761  -0.00245764  1.38213e-05  0.000731757 -0.000774458   -0.0024653  0.000598734  -0.00292719   0.00178869  -0.00660605  -0.00269144  -0.00618456 -0.000151232   -0.0033939  -0.00037504  -0.00630113  0.000178362  -0.00502904 -0.000352124  -0.00296323   0.00411401  -0.00360455  -0.00518989   0.00521286 -1.90427e-05   0.00153357   0.00473341  -0.00390117    0.0464828 -0.000265594
  -0.00120542   0.00130524 -8.69414e-05    0.0044464  0.000105882  0.000100221   0.00271499  0.000970382  0.000260821   0.00268394   0.00130755   0.00310776  -0.00187826  -0.00841464  -0.00102601   0.00389922 -0.000702212    0.0114211 -0.000776159   0.00302461  0.000813641  0.000637835   0.00471569   0.00252037   -0.0114782  -0.00299737  -0.00347536    0.0101901  -0.00390117    0.0488468   0.00389551   0.00110831
     0.486654    -0.301855   -0.0209622    -0.157488    0.0215334   -0.0354451      7.57245     -0.12671    0.0276386    -0.257593    0.0302018    -0.536199     -0.18647    -0.798537   -0.0181648     -0.19448   0.00906634    -0.366781  -0.00311563    -0.480566   -0.0813772    -0.280908     0.358566    -0.336492    -0.590956    0.0550675     -0.10747    -0.134564    0.0464828   0.00389551      8.51307    -0.209484
   -0.0310202    0.0118156  0.000875773   0.00892679 -9.86209e-05    0.0031175    -0.552064   0.00962173  -0.00161285    0.0110997  -0.00341199    0.0225352   0.00905379    0.0343425  0.000911055    0.0103688 -0.000656804    0.0197286   0.00218531    0.0209459   0.00284611    0.0116214   -0.0192532    0.0162245    0.0327484  -0.00161372   0.00511475   0.00711891 -0.000265594   0.00110831    -0.209484    0.0296094

MnUserCovariance Parameter correlations: 

            1    -0.344564    -0.537269    -0.139392    -0.180405     0.150952     -0.38567    -0.354586     0.473393    -0.305203     0.282752    -0.187824   -0.0475137     -0.18496    -0.156573   -0.0280351     0.291073    -0.158913    -0.373935    -0.389612     0.331403    -0.324465   -0.0875574    -0.149871     -0.10795    0.0194234     0.034467    -0.173685      0.18856  -0.00568662     0.173905     -0.18796
    -0.344564            1     0.647923     0.608589    -0.376474     0.137735    -0.227818     0.865769    -0.369873     0.829313    -0.149944     0.762082     0.454144     0.741822     0.178338     0.233689    -0.211914     0.533399    0.0255173     0.878646     0.489482      0.96169    -0.273539     0.645008     0.561685   -0.0429213     0.513691      0.29218    -0.358406    0.0406544    -0.712181     0.472689
    -0.537269     0.647923            1     0.426167   -0.0856674    0.0492193     -0.21461     0.573878    -0.566084     0.538848    -0.219321     0.568449     0.344071     0.519857     0.278146     0.217833    -0.138686      0.49221     0.397575     0.750461     0.253129     0.668599    -0.140486     0.374632     0.387663    -0.140337     0.239919      0.20483    -0.316484   -0.0275627    -0.503392     0.356607
    -0.139392     0.608589     0.426167            1   0.00135467     0.451513    -0.358392      0.42369    -0.159218     0.603782    -0.163921     0.606156       0.2611     0.586694     0.254911     0.352541    -0.110458     0.537583    -0.182604     0.651505     0.374515     0.626893    -0.161717     0.469459     0.382365     0.047147     0.309385     0.264043    -0.276794     0.155889    -0.418244     0.401981
    -0.180405    -0.376474   -0.0856674   0.00135467            1    0.0315191    0.0892425    -0.372288    0.0997099    -0.326638     -0.14065    -0.207619    -0.159271    -0.264741    0.0919465    0.0364037   -0.0655762   -0.0279972    0.0845503    -0.203622    -0.542544    -0.420856     0.127342      -0.2234    -0.198529   -0.0844543    -0.336868    -0.188098    0.0079237     0.018896     0.291096   -0.0226058
     0.150952     0.137735    0.0492193     0.451513    0.0315191            1    -0.314007   -0.0341056     0.201237      0.13388   -0.0162967     0.290175    0.0260279     0.260901     0.184389     0.192561   -0.0600326     0.286184    -0.273858     0.153532   -0.0338209     0.266205    -0.161176     0.223538    0.0530533     0.113823     0.145879     0.112846    0.0974677   0.00415549    -0.111325     0.166025
     -0.38567    -0.227818     -0.21461    -0.358392    0.0892425    -0.314007            1   -0.0532056   -0.0223962    -0.310942   -0.0399031    -0.356521    -0.238052    -0.340314     -0.16882    -0.165433   -0.0568653    -0.371522   -0.0605707    -0.368581     -0.51029    -0.287306     0.220176    -0.230913    -0.273452 -0.000428358    -0.292612     -0.13749  -0.00213167   0.00232627     0.491477    -0.607553
    -0.354586     0.865769     0.573878      0.42369    -0.372288   -0.0341056   -0.0532056            1    -0.441444     0.676364    -0.177389     0.588938     0.349908     0.597594    0.0870714     0.130939    -0.208835     0.394262     0.150273     0.698655      0.35395     0.821945    -0.210426     0.537969     0.478092   -0.0346325     0.466443     0.253584    -0.282022    0.0345561    -0.341798     0.440087
     0.473393    -0.369873    -0.566084    -0.159218    0.0997099     0.201237   -0.0223962    -0.441444            1    -0.357522    0.0902184    -0.260303    -0.144115    -0.248528    -0.162241   -0.0780328     0.166914    -0.147897    -0.738708    -0.453662   -0.0535231    -0.321645      0.12463    -0.143814    -0.176627    0.0788691    -0.114678    0.0759519     0.180564    0.0244855     0.196543    -0.194475
    -0.305203     0.829313     0.538848     0.603782    -0.326638      0.13388    -0.310942     0.676364    -0.357522            1   -0.0784056     0.661203     0.445134     0.656907     0.176381     0.224873    -0.154795     0.493815    -0.014274     0.898004     0.423633     0.791949    -0.240241     0.539146     0.516911   -0.0781347     0.418045     0.329545    -0.310314     0.088571    -0.643915     0.470472
     0.282752    -0.149944    -0.219321    -0.163921     -0.14065   -0.0162967   -0.0399031    -0.177389    0.0902184   -0.0784056            1     -0.18037     0.340454    -0.200732   -0.0229848    0.0232807     0.141108   -0.0886229   -0.0371204    -0.164468    0.0217885    -0.130824    -0.413389    -0.157343      0.02915    -0.110596    0.0040364     -0.10492    0.0945984    0.0215267     0.037664   -0.0721489
    -0.187824     0.762082     0.568449     0.606156    -0.207619     0.290175    -0.356521     0.588938    -0.260303     0.661203     -0.18037            1     0.384395     0.841927     0.205361     0.256768     -0.11627     0.526997    0.0111985     0.740582     0.410386     0.756168    -0.403557     0.526057      0.42909    -0.115599     0.355284     0.182617    -0.315117    0.0461474    -0.603116     0.429798
   -0.0475137     0.454144     0.344071       0.2611    -0.159271    0.0260279    -0.238052     0.349908    -0.144115     0.445134     0.340454     0.384395            1     0.340986      0.12013     0.146484   -0.0819179     0.288097    0.0440175     0.434591     0.307998     0.429486    -0.340602     0.257473     0.685896    -0.519375     0.258145     0.094749    -0.228322   -0.0496005    -0.373005      0.30709
     -0.18496     0.741822     0.519857     0.586694    -0.264741     0.260901    -0.340314     0.597594    -0.248528     0.656907    -0.200732     0.841927     0.340986            1     0.167532     0.258289    -0.225003     0.432698    0.0435182     0.704991     0.447304     0.758069    -0.296765     0.542942      0.60405     0.156929     0.416492     0.222529    -0.189542   -0.0802787    -0.577078     0.420823
    -0.156573     0.178338     0.278146     0.254911    0.0919465     0.184389     -0.16882    0.0870714    -0.162241     0.176381   -0.0229848     0.205361      0.12013     0.167532            1     0.107961    -0.140854     0.363188     0.099781     0.252336    0.0485762     0.195746    -0.140953    -0.012624    0.0911176    -0.112118      0.27197   -0.0201943   -0.0634944    -0.134095    -0.179832     0.152935
   -0.0280351     0.233689     0.217833     0.352541    0.0364037     0.192561    -0.165433     0.130939   -0.0780328     0.224873    0.0232807     0.256768     0.146484     0.258289     0.107961            1     0.283161     0.312543    0.0282611     0.304022      0.17309      0.24286   -0.0183582     0.164659     0.154293    0.0713596  -0.00901258    -0.182267    -0.154564    0.0552785    -0.208847     0.188804
     0.291073    -0.211914    -0.138686    -0.110458   -0.0655762   -0.0600326   -0.0568653    -0.208835     0.166914    -0.154795     0.141108     -0.11627   -0.0819179    -0.225003    -0.140854     0.283161            1    -0.256059    -0.115363    -0.208938    0.0343704    -0.185029   0.00374173    -0.134605    -0.212337    -0.138301    -0.116014    -0.200456    -0.225445    -0.131402     0.128511     -0.15786
    -0.158913     0.533399      0.49221     0.537583   -0.0279972     0.286184    -0.371522     0.394262    -0.147897     0.493815   -0.0886229     0.526997     0.288097     0.432698     0.363188     0.312543    -0.256059            1    0.0298763     0.583543     0.300232     0.569388    -0.177353     0.339512      0.25965   -0.0582922     0.313983      0.15102    -0.328893     0.185573    -0.451427     0.411723
    -0.373935    0.0255173     0.397575    -0.182604    0.0845503    -0.273858   -0.0605707     0.150273    -0.738708    -0.014274   -0.0371204    0.0111985    0.0440175    0.0435182     0.099781    0.0282611    -0.115363    0.0298763            1     0.152117    -0.051711    0.0478593   -0.0551959   -0.0727998    0.0816562   -0.0283681   -0.0668969    -0.144552    0.0631324   -0.0855204   -0.0260039     0.309268
    -0.389612     0.878646     0.750461     0.651505    -0.203622     0.153532    -0.368581     0.698655    -0.453662     0.898004    -0.164468     0.740582     0.434591     0.704991     0.252336     0.304022    -0.208938     0.583543     0.152117            1       0.4773     0.850587    -0.226417     0.560383     0.498872   -0.0829799     0.382918     0.312763    -0.330473    0.0618714    -0.744642     0.550327
     0.331403     0.489482     0.253129     0.374515    -0.542544   -0.0338209     -0.51029      0.35395   -0.0535231     0.423633    0.0217885     0.410386     0.307998     0.447304    0.0485762      0.17309    0.0343704     0.300232    -0.051711       0.4773            1     0.492319   -0.0998959     0.373666     0.360065    0.0207998     0.366818      0.33742   -0.0952237    0.0684939    -0.518915     0.307732
    -0.324465      0.96169     0.668599     0.626893    -0.420856     0.266205    -0.287306     0.821945    -0.321645     0.791949    -0.130824     0.756168     0.429486     0.758069     0.195746      0.24286    -0.185029     0.569388    0.0478593     0.850587     0.492319            1    -0.278482     0.623762     0.546492   0.00856935     0.481754     0.308624    -0.315047    0.0211099    -0.704236     0.494015
   -0.0875574    -0.273539    -0.140486    -0.161717     0.127342    -0.161176     0.220176    -0.210426      0.12463    -0.240241    -0.413389    -0.403557    -0.340602    -0.296765    -0.140953   -0.0183582   0.00374173    -0.177353   -0.0551959    -0.226417   -0.0998959    -0.278482            1    -0.203855    -0.375926     0.215558    -0.238562     0.139278      0.10106    0.0360603     0.207696      -0.1891
    -0.149871     0.645008     0.374632     0.469459      -0.2234     0.223538    -0.230913     0.537969    -0.143814     0.539146    -0.157343     0.526057     0.257473     0.542942    -0.012624     0.164659    -0.134605     0.339512   -0.0727998     0.560383     0.373666     0.623762    -0.203855            1     0.504324     0.230061     0.506348     0.330489    -0.198793    0.0432696    -0.437592     0.357761
     -0.10795     0.561685     0.387663     0.382365    -0.198529    0.0530533    -0.273452     0.478092    -0.176627     0.516911      0.02915      0.42909     0.685896      0.60405    0.0911176     0.154293    -0.212337      0.25965    0.0816562     0.498872     0.360065     0.546492    -0.375926     0.504324            1    -0.127335     0.402485     0.158331    -0.145681    -0.100297     -0.39115     0.367541
    0.0194234   -0.0429213    -0.140337     0.047147   -0.0844543     0.113823 -0.000428358   -0.0346325    0.0788691   -0.0781347    -0.110596    -0.115599    -0.519375     0.156929    -0.112118    0.0713596    -0.138301   -0.0582922   -0.0283681   -0.0829799    0.0207998   0.00856935     0.215558     0.230061    -0.127335            1    0.0124135    0.0938473     0.184505   -0.0330248     0.045959   -0.0228365
     0.034467     0.513691     0.239919     0.309385    -0.336868     0.145879    -0.292612     0.466443    -0.114678     0.418045    0.0040364     0.355284     0.258145     0.416492      0.27197  -0.00901258    -0.116014     0.313983   -0.0668969     0.382918     0.366818     0.481754    -0.238562     0.506348     0.402485    0.0124135            1     0.242068  -0.00257005     -0.14601    -0.342014     0.276001
    -0.173685      0.29218      0.20483     0.264043    -0.188098     0.112846     -0.13749     0.253584    0.0759519     0.329545     -0.10492     0.182617     0.094749     0.222529   -0.0201943    -0.182267    -0.200456      0.15102    -0.144552     0.312763      0.33742     0.308624     0.139278     0.330489     0.158331    0.0938473     0.242068            1     0.110544     0.228654    -0.228722     0.205172
      0.18856    -0.358406    -0.316484    -0.276794    0.0079237    0.0974677  -0.00213167    -0.282022     0.180564    -0.310314    0.0945984    -0.315117    -0.228322    -0.189542   -0.0634944    -0.154564    -0.225445    -0.328893    0.0631324    -0.330473   -0.0952237    -0.315047      0.10106    -0.198793    -0.145681     0.184505  -0.00257005     0.110544            1    -0.256561     0.231559   -0.0224345
  -0.00568662    0.0406544   -0.0275627     0.155889     0.018896   0.00415549   0.00232627    0.0345561    0.0244855     0.088571    0.0215267    0.0461474   -0.0496005   -0.0802787    -0.134095    0.0552785    -0.131402     0.185573   -0.0855204    0.0618714    0.0684939    0.0211099    0.0360603    0.0432696    -0.100297   -0.0330248     -0.14601     0.228654    -0.256561            1   0.00604092    0.0291426
     0.173905    -0.712181    -0.503392    -0.418244     0.291096    -0.111325     0.491477    -0.341798     0.196543    -0.643915     0.037664    -0.603116    -0.373005    -0.577078    -0.179832    -0.208847     0.128511    -0.451427   -0.0260039    -0.744642    -0.518915    -0.704236     0.207696    -0.437592     -0.39115     0.045959    -0.342014    -0.228722     0.231559   0.00604092            1    -0.417246
     -0.18796     0.472689     0.356607     0.401981   -0.0226058     0.166025    -0.607553     0.440087    -0.194475     0.470472   -0.0721489     0.429798      0.30709     0.420823     0.152935     0.188804     -0.15786     0.411723     0.309268     0.550327     0.307732     0.494015      -0.1891     0.357761     0.367541   -0.0228365     0.276001     0.205172   -0.0224345    0.0291426    -0.417246            1

