fmin: -784.6956089404
edm: 0.1036884577362
covq: 1
Mstate: 1
